3 0.07890625 0.378125 0.034375 0.08046875
3 0.1109375 0.3859375 0.05078125 0.09609375
3 0.1453125 0.384375 0.04765625 0.103125
3 0.30546875 0.403125 0.071875 0.140625
3 0.45546875 0.39609375 0.06015625 0.1125
3 0.48828125 0.39296875 0.03671875 0.10703125
3 0.553125 0.396875 0.0375 0.10625
3 0.58828125 0.39140625 0.05703125 0.109375
3 0.82421875 0.37734375 0.06953125 0.10234375
3 0.94296875 0.3484375 0.0296875 0.0296875
3 0.97890625 0.34765625 0.0328125 0.03828125
2 0.525 0.39140625 0.04140625 0.1140625