3 0.9828125 0.49765625 0.0328125 0.14765625
3 0.24765625 0.67265625 0.1125 0.5515625
3 0.33671875 0.653125 0.08984375 0.5796875
3 0.4375 0.6515625 0.1 0.49921875
2 0.5 0.6359375 0.07578125 0.49765625
3 0.57109375 0.40703125 0.08984375 0.16875
3 0.57109375 0.60234375 0.10234375 0.39375
3 0.65078125 0.65390625 0.13671875 0.509375
3 0.73515625 0.6953125 0.1 0.471875
3 0.740625 0.44140625 0.00546875 0.02734375
3 0.74453125 0.4421875 0.00625 0.028125
3 0.75 0.44140625 0.00625 0.02890625
3 0.759375 0.43671875 0.00546875 0.0171875