3 0.57890625 0.42890625 0.00546875 0.0328125
3 0.5859375 0.42578125 0.00625 0.03046875
3 0.5921875 0.42578125 0.0046875 0.025
3 0.59921875 0.42109375 0.0046875 0.01875
3 0.26328125 0.62265625 0.1125 0.48125
3 0.4609375 0.5734375 0.084375 0.31953125
3 0.69921875 0.653125 0.21328125 0.521875
3 0.83515625 0.64765625 0.11484375 0.5328125
3 0.4046875 0.62578125 0.1234375 0.47109375
3 0.6359375 0.52578125 0.0765625 0.2234375
3 0.9171875 0.54765625 0.0484375 0.1765625
2 0.54375 0.62421875 0.084375 0.46953125